20
0 443 608 506 476 526 593 778 407 461 575 495 413 437 794 580 766 600 500 761 
443 0 424 448 444 563 596 636 588 518 508 693 499 420 610 716 688 615 647 616 
608 424 0 577 421 753 708 768 650 622 438 401 509 703 487 418 529 651 572 552 
506 448 577 0 486 582 504 403 653 540 469 750 522 674 698 412 562 701 535 587 
476 444 421 486 0 409 568 519 604 796 481 498 786 681 528 614 721 559 758 634 
526 563 753 582 409 0 603 483 439 723 408 536 538 655 551 617 673 517 520 776 
593 596 708 504 568 603 0 484 544 739 530 502 512 678 677 672 710 685 607 626 
778 636 768 403 519 483 484 0 567 571 497 690 419 684 736 570 404 446 780 620 
407 588 650 653 604 439 544 567 0 643 426 585 733 516 505 789 742 450 460 734 
461 518 622 540 796 723 739 571 643 0 638 756 642 618 707 679 627 799 715 539 
575 508 438 469 481 408 530 497 426 638 0 465 712 599 490 602 569 730 524 772 
495 693 401 750 498 536 502 690 585 756 465 0 782 445 496 665 473 573 785 492 
413 499 509 522 786 538 512 419 733 642 712 782 0 463 432 597 696 732 749 770 
437 420 703 674 681 655 678 684 516 618 599 445 463 0 549 466 531 609 457 641 
794 610 487 698 528 551 677 736 505 707 490 496 432 549 0 631 788 550 771 547 
580 716 418 412 614 617 672 570 789 679 602 665 597 466 631 0 676 762 456 752 
766 688 529 562 721 673 710 404 742 627 569 473 696 531 788 676 0 579 765 797 
600 615 651 701 559 517 685 446 450 799 730 573 732 609 550 762 579 0 584 416 
500 647 572 535 758 520 607 780 460 715 524 785 749 457 771 456 765 584 0 467 
761 616 552 587 634 776 626 620 734 539 772 492 770 641 547 752 797 416 467 0 
