25
0 5994 3989 1343 4586 6350 4169 2994 8400 1865 7159 7988 4617 1079 8881 8915 3426 9210 7429 5686 3096 1688 2904 8320 3357
5994 0 3455 6159 2726 738 2685 8286 2788 7157 1547 2376 1829 5555 3269 3303 4316 3598 1817 1600 8388 4582 4884 2708 8649
3989 3455 0 4154 2047 3811 1630 6281 5861 5152 4620 5449 2078 3550 6342 6376 2311 6671 4890 3147 6383 2577 2879 5781 6644
1343 6159 4154 0 4751 6515 4334 3635 8565 2506 7324 8153 4782 1244 9046 9080 3591 9375 7594 5851 3737 1853 3069 8485 3998
4586 2726 2047 4751 0 3082 1277 6878 5132 5749 3891 4720 1349 4147 5613 5647 2908 5942 4161 2418 6980 3174 3476 5052 7241
6350 738 3811 6515 3082 0 3041 8642 2812 7513 1571 2400 2185 5911 3293 3327 4672 3622 1841 1956 8744 4938 5240 2732 9005
4169 2685 1630 4334 1277 3041 0 6461 5091 5332 3850 4679 1308 3730 5572 5606 2491 5901 4120 2377 6563 2757 3059 5011 6824
2994 8286 6281 3635 6878 8642 6461 0 10692 2273 9451 10280 6909 3371 11173 11207 5718 11502 9721 7978 1882 3980 5196 10612 2143
8400 2788 5861 8565 5132 2812 5091 10692 0 9563 2555 886 4235 7961 1615 1649 6722 1944 2615 4006 10794 6988 7290 1796 11055
1865 7157 5152 2506 5749 7513 5332 2273 9563 0 8322 9151 5780 2242 10044 10078 4589 10373 8592 6849 2375 2851 4067 9483 2636
7159 1547 4620 7324 3891 1571 3850 9451 2555 8322 0 2143 2994 6720 3036 3070 5481 3365 1584 2765 9553 5747 6049 2475 9814
7988 2376 5449 8153 4720 2400 4679 10280 886 9151 2143 0 3823 7549 1367 1401 6310 1696 2203 3594 10382 6576 6878 1384 10643
4617 1829 2078 4782 1349 2185 1308 6909 4235 5780 2994 3823 0 4178 4716 4750 2939 5045 3264 1521 7011 3205 3507 4155 7272
1079 5555 3550 1244 4147 5911 3730 3371 7961 2242 6720 7549 4178 0 8442 8476 2987 8771 6990 5247 3473 1249 2465 7881 3734
8881 3269 6342 9046 5613 3293 5572 11173 1615 10044 3036 1367 4716 8442 0 678 7203 973 3096 4487 11275 7469 7771 2277 11536
8915 3303 6376 9080 5647 3327 5606 11207 1649 10078 3070 1401 4750 8476 678 0 7237 823 3130 4521 11309 7503 7805 2311 11570
3426 4316 2311 3591 2908 4672 2491 5718 6722 4589 5481 6310 2939 2987 7203 7237 0 7532 5751 4008 5820 2014 2316 6642 6081
9210 3598 6671 9375 5942 3622 5901 11502 1944 10373 3365 1696 5045 8771 973 823 7532 0 3425 4816 11604 7798 8100 2606 11865
7429 1817 4890 7594 4161 1841 4120 9721 2615 8592 1584 2203 3264 6990 3096 3130 5751 3425 0 3035 9823 6017 6319 2535 10084
5686 1600 3147 5851 2418 1956 2377 7978 4006 6849 2765 3594 1521 5247 4487 4521 4008 4816 3035 0 8080 4274 4576 3926 8341
3096 8388 6383 3737 6980 8744 6563 1882 10794 2375 9553 10382 7011 3473 11275 11309 5820 11604 9823 8080 0 4082 5298 10714 763
1688 4582 2577 1853 3174 4938 2757 3980 6988 2851 5747 6576 3205 1249 7469 7503 2014 7798 6017 4274 4082 0 1492 6908 4343
2904 4884 2879 3069 3476 5240 3059 5196 7290 4067 6049 6878 3507 2465 7771 7805 2316 8100 6319 4576 5298 1492 0 7210 5559
8320 2708 5781 8485 5052 2732 5011 10612 1796 9483 2475 1384 4155 7881 2277 2311 6642 2606 2535 3926 10714 6908 7210 0 10975
3357 8649 6644 3998 7241 9005 6824 2143 11055 2636 9814 10643 7272 3734 11536 11570 6081 11865 10084 8341 763 4343 5559 10975 0
