21
0 4333 10132 2961 10046 7534 9032 4613 3279 5876 4662 7096 3119 1375 1296 1352 6821 2010 6052 8809 2747
4333 0 6819 6866 6733 4221 5719 1454 1846 2563 1349 3783 7024 3400 5201 5257 3508 5915 2739 5496 2828
10132 6819 0 12665 1638 2848 1218 7253 7645 5978 6732 4408 12823 9199 11000 11056 5061 11714 4402 2829 8627
2961 6866 12665 0 12579 10067 11565 7146 5812 8409 7195 9629 838 3908 3365 2303 9354 1237 8585 11342 5280
10046 6733 1638 12579 0 2762 1132 7167 7559 5892 6646 4322 12737 9113 10914 10970 4975 11628 4316 2743 8541
7534 4221 2848 10067 2762 0 1748 4655 5047 3380 4134 1810 10225 6601 8402 8458 2463 9116 1804 1525 6029
9032 5719 1218 11565 1132 1748 0 6153 6545 4878 5632 3308 11723 8099 9900 9956 3961 10614 3302 1729 7527
4613 1454 7253 7146 7167 4655 6153 0 2126 2997 1783 4217 7304 3680 5481 5537 3942 6195 3173 5930 3108
3279 1846 7645 5812 7559 5047 6545 2126 0 3389 2175 4609 5970 2346 4147 4203 4334 4861 3565 6322 1774
5876 2563 5978 8409 5892 3380 4878 2997 3389 0 2476 2942 8567 4943 6744 6800 2667 7458 1898 4655 4371
4662 1349 6732 7195 6646 4134 5632 1783 2175 2476 0 3696 7353 3729 5530 5586 3421 6244 2652 5409 3157
7096 3783 4408 9629 4322 1810 3308 4217 4609 2942 3696 0 9787 6163 7964 8020 2025 8678 1366 3085 5591
3119 7024 12823 838 12737 10225 11723 7304 5970 8567 7353 9787 0 4066 3523 2461 9512 1395 8743 11500 5438
1375 3400 9199 3908 9113 6601 8099 3680 2346 4943 3729 6163 4066 0 2243 2299 5888 2957 5119 7876 1814
1296 5201 11000 3365 10914 8402 9900 5481 4147 6744 5530 7964 3523 2243 0 1756 7689 2414 6920 9677 3615
1352 5257 11056 2303 10970 8458 9956 5537 4203 6800 5586 8020 2461 2299 1756 0 7745 1352 6976 9733 3671
6821 3508 5061 9354 4975 2463 3961 3942 4334 2667 3421 2025 9512 5888 7689 7745 0 8403 1091 3738 5316
2010 5915 11714 1237 11628 9116 10614 6195 4861 7458 6244 8678 1395 2957 2414 1352 8403 0 7634 10391 4329
6052 2739 4402 8585 4316 1804 3302 3173 3565 1898 2652 1366 8743 5119 6920 6976 1091 7634 0 3079 4547
8809 5496 2829 11342 2743 1525 1729 5930 6322 4655 5409 3085 11500 7876 9677 9733 3738 10391 3079 0 7304
2747 2828 8627 5280 8541 6029 7527 3108 1774 4371 3157 5591 5438 1814 3615 3671 5316 4329 4547 7304 0
