26
18
0 2691 6421 2223 4065 5455 2456 4598 3029 4147 8241 5319 7121 4486 7783 6400 1297 7618 2912 7878 5309 6828 4235 6293 5642 6004
2691 0 5214 2104 2858 6718 3719 5861 1822 5410 9504 4112 5914 5749 9046 7663 2560 6411 4175 6671 6572 8091 3028 5086 4435 7267
6421 5214 0 5834 3776 10448 7449 9591 3924 9140 13234 2750 1910 9479 12776 11393 6290 2407 7905 2667 10302 11821 2818 1692 2661 10997
2223 2104 5834 0 3478 6250 3251 5393 2442 4942 9036 4732 6534 5281 8578 7195 2092 7031 3707 7291 6104 7623 3648 5706 5055 6799
4065 2858 3776 3478 0 8092 5093 7235 1568 6784 10878 2674 4476 7123 10420 9037 3934 4973 5549 5233 7946 9465 1590 3648 2997 8641
5455 6718 10448 6250 8092 0 3795 2701 7056 1612 4272 9346 11148 2167 3814 2431 4624 11645 2677 11905 2134 2859 8262 10320 9669 2035
2456 3719 7449 3251 5093 3795 0 2938 4057 2487 6581 6347 8149 2826 6123 4740 1625 8646 1252 8906 3649 5168 5263 7321 6670 4344
4598 5861 9591 5393 7235 2701 2938 0 6199 1393 5487 8489 10291 1732 5029 3646 3767 10788 1820 11048 2555 4074 7405 9463 8812 3250
3029 1822 3924 2442 1568 7056 4057 6199 0 5748 9842 2822 4624 6087 9384 8001 2898 5121 4513 5381 6910 8429 1738 3796 3145 7605
4147 5410 9140 4942 6784 1612 2487 1393 5748 0 4398 8038 9840 859 3940 2557 3316 10337 1369 10597 1466 2985 6954 9012 8361 2161
8241 9504 13234 9036 10878 4272 6581 5487 9842 4398 0 12132 13934 4953 1288 3387 7410 14431 5463 14691 4920 1827 11048 13106 12455 3147
5319 4112 2750 4732 2674 9346 6347 8489 2822 8038 12132 0 3450 8377 11674 10291 5188 3947 6803 4207 9200 10719 1716 2622 1971 9895
7121 5914 1910 6534 4476 11148 8149 10291 4624 9840 13934 3450 0 10179 13476 12093 6990 1199 8605 1459 11002 12521 3518 2392 3361 11697
4486 5749 9479 5281 7123 2167 2826 1732 6087 859 4953 8377 10179 0 4495 3112 3655 10676 1708 10936 2021 3540 7293 9351 8700 2716
7783 9046 12776 8578 10420 3814 6123 5029 9384 3940 1288 11674 13476 4495 0 2929 6952 13973 5005 14233 4462 1369 10590 12648 11997 2689
6400 7663 11393 7195 9037 2431 4740 3646 8001 2557 3387 10291 12093 3112 2929 0 5569 12590 3622 12850 3079 1974 9207 11265 10614 1306
1297 2560 6290 2092 3934 4624 1625 3767 2898 3316 7410 5188 6990 3655 6952 5569 0 7487 2081 7747 4478 5997 4104 6162 5511 5173
7618 6411 2407 7031 4973 11645 8646 10788 5121 10337 14431 3947 1199 10676 13973 12590 7487 0 9102 428 11499 13018 4015 2889 3858 12194
2912 4175 7905 3707 5549 2677 1252 1820 4513 1369 5463 6803 8605 1708 5005 3622 2081 9102 0 9362 2531 4050 5719 7777 7126 3226
7878 6671 2667 7291 5233 11905 8906 11048 5381 10597 14691 4207 1459 10936 14233 12850 7747 428 9362 0 11759 13278 4275 3149 4118 12454
5309 6572 10302 6104 7946 2134 3649 2555 6910 1466 4920 9200 11002 2021 4462 3079 4478 11499 2531 11759 0 3507 8116 10174 9523 2683
6828 8091 11821 7623 9465 2859 5168 4074 8429 2985 1827 10719 12521 3540 1369 1974 5997 13018 4050 13278 3507 0 9635 11693 11042 1734
4235 3028 2818 3648 1590 8262 5263 7405 1738 6954 11048 1716 3518 7293 10590 9207 4104 4015 5719 4275 8116 9635 0 2690 2039 8811
6293 5086 1692 5706 3648 10320 7321 9463 3796 9012 13106 2622 2392 9351 12648 11265 6162 2889 7777 3149 10174 11693 2690 0 2533 10869
5642 4435 2661 5055 2997 9669 6670 8812 3145 8361 12455 1971 3361 8700 11997 10614 5511 3858 7126 4118 9523 11042 2039 2533 0 10218
6004 7267 10997 6799 8641 2035 4344 3250 7605 2161 3147 9895 11697 2716 2689 1306 5173 12194 3226 12454 2683 1734 8811 10869 10218 0
