25
0 3904 5983 3003 5958 2530 2754 5340 3729 4598 7271 3113 4421 2285 1344 7132 4444 3759 1849 2819 7415 3387 4196 4949 2485
3904 0 8321 5341 8296 4868 5092 7678 6067 916 9609 1149 739 2275 2892 9470 762 6097 4187 5157 9753 5725 1224 7287 2137
5983 8321 0 4860 1435 5053 3883 2509 3060 9015 2748 7530 8838 6702 5761 2609 8861 3276 5064 4520 2892 3952 8613 3004 6902
3003 5341 4860 0 4835 2073 1631 4217 2606 6035 6148 4550 5858 3722 2781 6009 5881 2636 2084 1696 6292 2264 5633 3826 3922
5958 8296 1435 4835 0 5028 3858 2484 3035 8990 1983 7505 8813 6677 5736 1844 8836 3251 5039 4495 2127 3927 8588 2979 6877
2530 4868 5053 2073 5028 0 1824 4410 2799 5562 6341 4077 5385 3249 2308 6202 5408 2829 1611 1889 6485 2457 5160 4019 3449
2754 5092 3883 1631 3858 1824 0 3240 1629 5786 5171 4301 5609 3473 2532 5032 5632 1659 1835 1291 5315 1287 5384 2849 3673
5340 7678 2509 4217 2484 4410 3240 0 2417 8372 3797 6887 8195 6059 5118 3658 8218 2633 4421 3877 3941 3309 7970 2361 6259
3729 6067 3060 2606 3035 2799 1629 2417 0 6761 4348 5276 6584 4448 3507 4209 6607 1022 2810 2266 4492 1698 6359 2026 4648
4598 916 9015 6035 8990 5562 5786 8372 6761 0 10303 1843 1117 2969 3586 10164 1296 6791 4881 5851 10447 6419 1918 7981 2831
7271 9609 2748 6148 1983 6341 5171 3797 4348 10303 0 8818 10126 7990 7049 1467 10149 4564 6352 5808 1512 5240 9901 4292 8190
3113 1149 7530 4550 7505 4077 4301 6887 5276 1843 8818 0 1666 1484 2101 8679 1689 5306 3396 4366 8962 4934 1441 6496 1346
4421 739 8838 5858 8813 5385 5609 8195 6584 1117 10126 1666 0 2792 3409 9987 1119 6614 4704 5674 10270 6242 1741 7804 2654
2285 2275 6702 3722 6677 3249 3473 6059 4448 2969 7990 1484 2792 0 1273 7851 2815 4478 2568 3538 8134 4106 2567 5668 856
1344 2892 5761 2781 5736 2308 2532 5118 3507 3586 7049 2101 3409 1273 0 6910 3432 3537 1627 2597 7193 3165 3184 4727 1473
7132 9470 2609 6009 1844 6202 5032 3658 4209 10164 1467 8679 9987 7851 6910 0 10010 4425 6213 5669 1611 5101 9762 4153 8051
4444 762 8861 5881 8836 5408 5632 8218 6607 1296 10149 1689 1119 2815 3432 10010 0 6637 4727 5697 10293 6265 1764 7827 2677
3759 6097 3276 2636 3251 2829 1659 2633 1022 6791 4564 5306 6614 4478 3537 4425 6637 0 2840 2296 4708 1728 6389 2242 4678
1849 4187 5064 2084 5039 1611 1835 4421 2810 4881 6352 3396 4704 2568 1627 6213 4727 2840 0 1900 6496 2468 4479 4030 2768
2819 5157 4520 1696 4495 1889 1291 3877 2266 5851 5808 4366 5674 3538 2597 5669 5697 2296 1900 0 5952 1924 5449 3486 3738
7415 9753 2892 6292 2127 6485 5315 3941 4492 10447 1512 8962 10270 8134 7193 1611 10293 4708 6496 5952 0 5384 10045 4436 8334
3387 5725 3952 2264 3927 2457 1287 3309 1698 6419 5240 4934 6242 4106 3165 5101 6265 1728 2468 1924 5384 0 6017 2918 4306
4196 1224 8613 5633 8588 5160 5384 7970 6359 1918 9901 1441 1741 2567 3184 9762 1764 6389 4479 5449 10045 6017 0 7579 2429
4949 7287 3004 3826 2979 4019 2849 2361 2026 7981 4292 6496 7804 5668 4727 4153 7827 2242 4030 3486 4436 2918 7579 0 5868
2485 2137 6902 3922 6877 3449 3673 6259 4648 2831 8190 1346 2654 856 1473 8051 2677 4678 2768 3738 8334 4306 2429 5868 0
