21
0 2541 3101 4929 6450 4380 2159 3128 2194 6572 4046 3056 5010 3488 5759 5657 6169 3275 2538 7091 5059
2541 0 3764 2534 4055 5043 1052 3791 2857 4177 1651 661 2615 4151 6422 3262 6832 880 3201 4696 5722
3101 3764 0 6152 7673 1883 3382 631 2073 7795 5269 4279 6233 991 3262 6880 3672 4498 1353 8314 2562
4929 2534 6152 0 2607 7431 3440 6179 5245 2729 1085 2463 1381 6539 8810 1814 9220 1874 5589 3248 8110
6450 4055 7673 2607 0 8952 4961 7700 6766 938 2606 3984 2902 8060 10331 1803 10741 3395 7110 1355 9631
4380 5043 1883 7431 8952 0 4661 1540 3352 9074 6548 5558 7512 1266 2139 8159 2549 5777 2632 9593 1439
2159 1052 3382 3440 4961 4661 0 3409 2475 5083 2557 1567 3521 3769 6040 4168 6450 1786 2819 5602 5340
3128 3791 631 6179 7700 1540 3409 0 2100 7822 5296 4306 6260 648 2919 6907 3329 4525 1380 8341 2219
2194 2857 2073 5245 6766 3352 2475 2100 0 6888 4362 3372 5326 2460 4731 5973 5141 3591 1510 7407 4031
6572 4177 7795 2729 938 9074 5083 7822 6888 0 2728 4106 3024 8182 10453 1925 10863 3517 7232 1579 9753
4046 1651 5269 1085 2606 6548 2557 5296 4362 2728 0 1580 1166 5656 7927 1813 8337 991 4706 3247 7227
3056 661 4279 2463 3984 5558 1567 4306 3372 4106 1580 0 2544 4666 6937 3191 7347 809 3716 4625 6237
5010 2615 6233 1381 2902 7512 3521 6260 5326 3024 1166 2544 0 6620 8891 2109 9301 1955 5670 3543 8191
3488 4151 991 6539 8060 1266 3769 648 2460 8182 5656 4666 6620 0 2645 7267 3055 4885 1740 8701 1945
5759 6422 3262 8810 10331 2139 6040 2919 4731 10453 7927 6937 8891 2645 0 9538 1334 7156 4011 10972 1336
5657 3262 6880 1814 1803 8159 4168 6907 5973 1925 1813 3191 2109 7267 9538 0 9948 2602 6317 2444 8838
6169 6832 3672 9220 10741 2549 6450 3329 5141 10863 8337 7347 9301 3055 1334 9948 0 7566 4421 11382 1746
3275 880 4498 1874 3395 5777 1786 4525 3591 3517 991 809 1955 4885 7156 2602 7566 0 3935 4036 6456
2538 3201 1353 5589 7110 2632 2819 1380 1510 7232 4706 3716 5670 1740 4011 6317 4421 3935 0 7751 3311
7091 4696 8314 3248 1355 9593 5602 8341 7407 1579 3247 4625 3543 8701 10972 2444 11382 4036 7751 0 10272
5059 5722 2562 8110 9631 1439 5340 2219 4031 9753 7227 6237 8191 1945 1336 8838 1746 6456 3311 10272 0
