23
0 931 992 914 644 716 1045 752 763 928 787 642 587 794 554 540 1027 580 531 769 888 697 579 
931 0 985 643 909 942 863 813 607 1001 721 880 882 670 733 561 845 872 840 565 583 1050 543 
992 985 0 976 831 722 701 799 963 629 868 960 535 786 715 867 890 606 1016 952 923 710 603 
914 643 976 0 742 760 563 728 718 852 548 803 866 968 750 1025 848 720 1007 782 726 617 994 
644 909 831 742 0 556 837 862 858 737 839 648 702 605 704 611 618 600 1052 566 667 816 805 
716 942 722 760 556 0 767 875 640 576 677 907 1012 999 934 739 1030 567 988 690 783 545 669 
1045 863 701 563 837 767 0 927 844 904 1032 838 869 713 773 692 675 658 768 680 698 622 656 
752 813 799 728 862 875 927 0 599 686 1013 604 1023 597 921 631 694 801 651 843 922 777 661 
763 607 963 718 858 640 844 599 0 691 627 899 590 998 887 707 1031 790 635 596 997 678 610 
928 1001 629 852 737 576 904 686 691 0 741 619 754 687 1000 892 659 730 699 542 584 1015 846 
787 721 868 548 839 677 1032 1013 627 741 0 817 578 655 809 884 589 712 878 972 815 822 569 
642 880 960 803 648 907 838 604 899 619 817 0 560 1039 1004 1049 938 633 684 654 841 1011 973 
587 882 535 866 702 1012 869 1023 590 754 578 560 0 609 785 679 775 842 885 555 961 568 671 
794 670 786 968 605 999 713 597 998 687 655 1039 609 0 551 1026 657 758 1008 674 586 802 762 
554 733 715 750 704 934 773 921 887 1000 809 1004 785 551 0 780 932 571 870 903 791 779 1048 
540 561 867 1025 611 739 692 631 707 892 884 1049 679 1026 780 0 711 996 881 533 793 736 557 
1027 845 890 848 618 1030 675 694 1031 659 589 938 775 657 932 711 0 683 725 795 797 962 536 
580 872 606 720 600 567 658 801 790 730 712 633 842 758 571 996 683 0 594 636 906 664 853 
531 840 1016 1007 1052 988 768 651 635 699 878 684 885 1008 870 881 725 594 0 1035 719 925 1038 
769 565 952 782 566 690 680 843 596 542 972 654 555 674 903 533 795 636 1035 0 859 695 552 
888 583 923 726 667 783 698 922 997 584 815 841 961 586 791 793 797 906 719 859 0 811 826 
697 1050 710 617 816 545 622 777 678 1015 822 1011 568 802 779 736 962 664 925 695 811 0 662 
579 543 603 994 805 669 656 661 610 846 569 973 671 762 1048 557 536 853 1038 552 826 662 0 
