32
0 1460 1114 1214 1955 1759 1998 1169 1793 1676 1041 1724 1142 1660 1248 2046 1859 1961 1972 1801 1203 1221 1450 1568 1120 1946 1663 1696 1296 1978 1817 1683 
1460 0 1266 1131 1601 1941 1373 1555 1675 1472 1973 1846 1243 1575 1578 1346 1223 1095 1981 1625 1701 1743 1730 1553 1726 1493 1749 1337 1733 1579 2019 1448 
1114 1266 0 1544 1075 1205 1150 1531 1545 1901 1542 1425 1557 1103 1328 1571 1231 2017 1160 1548 1810 1186 2028 1727 1746 1837 1909 1779 1349 1135 1515 1847 
1214 1131 1544 0 1688 1926 1761 1737 1090 1274 1905 1888 2047 1751 1463 1192 1451 1491 1244 1602 1885 1852 1255 1638 1588 1898 1655 1797 1249 1178 1410 1661 
1955 1601 1075 1688 0 1535 1096 1318 1698 1902 1123 1310 1443 1508 1671 1404 1670 1348 1886 1388 1283 1057 1933 1259 1818 1863 1286 1282 1111 1948 1879 1394 
1759 1941 1205 1926 1535 0 1054 1089 1503 1912 1324 1124 1686 1753 1665 1216 1499 1559 1862 1826 1367 1534 1136 1603 1839 1260 1352 1093 1121 1771 1326 1191 
1998 1373 1150 1761 1096 1054 0 1147 1718 1457 2037 1438 1821 1645 1115 1190 1636 1692 1251 1082 1695 2005 1227 1903 1496 1939 1411 1166 1151 1914 1085 1956 
1169 1555 1531 1737 1318 1089 1147 0 1330 2031 1918 1828 1629 2015 1030 1429 1137 1486 2038 1963 1116 1734 1678 2016 1944 1806 2024 1767 1566 1685 1509 1583 
1793 1675 1545 1090 1698 1503 1718 1330 0 1494 1273 1357 1880 1954 1401 1218 1874 1595 1139 1569 1335 2003 1143 1400 1574 1087 1049 1622 1784 1594 1409 1291 
1676 1472 1901 1274 1902 1912 1457 2031 1494 0 1570 1539 1820 1094 1798 1910 1108 1406 1768 1104 1860 1942 1358 1387 1778 2000 1740 1200 1970 1257 1641 1990 
1041 1973 1542 1905 1123 1324 2037 1918 1273 1570 0 2035 1067 1869 1382 1893 1295 1079 1189 1208 1809 1836 1541 1464 1306 1716 1174 1118 1484 1732 1832 1467 
1724 1846 1425 1888 1310 1124 1438 1828 1357 1539 2035 0 1654 1927 1315 1269 1099 1843 1059 1470 1533 1241 1607 1995 1988 1668 1038 1148 1132 1506 1719 1624 
1142 1243 1557 2047 1443 1686 1821 1629 1880 1820 1067 1654 0 1700 1878 1803 1652 1437 1050 1471 1962 1855 1590 1646 1543 1154 1822 1729 1065 1073 1029 1966 
1660 1575 1103 1751 1508 1753 1645 2015 1954 1094 1869 1927 1700 0 1777 1036 1344 1044 1815 1298 1528 1125 1455 1293 1841 1198 1267 1027 1644 1159 1618 1581 
1248 1578 1328 1463 1671 1665 1115 1030 1401 1798 1382 1315 1878 1777 0 1799 1666 1681 1361 1177 1031 1428 1454 1642 1984 1281 1760 1285 1320 1707 1336 1713 
2046 1346 1571 1192 1404 1216 1190 1429 1218 1910 1893 1269 1803 1036 1799 0 1522 1329 1763 1896 1156 2034 1199 1498 1465 1421 1078 1195 1278 1735 1745 1781 
1859 1223 1231 1451 1670 1499 1636 1137 1874 1108 1295 1099 1652 1344 1666 1522 0 1183 1562 1207 1157 1677 1845 1525 1937 1985 1035 1313 1235 1526 1182 1633 
1961 1095 2017 1491 1348 1559 1692 1486 1595 1406 1079 1843 1437 1044 1681 1329 1183 0 1752 1904 1967 1117 1917 1762 2033 1923 1928 1547 1866 1870 1272 1307 
1972 1981 1160 1244 1886 1862 1251 2038 1139 1768 1189 1059 1050 1815 1361 1763 1562 1752 0 1867 1302 1359 1164 1637 1187 1258 1764 1833 1667 1504 1340 1280 
1801 1625 1548 1602 1388 1826 1082 1963 1569 1104 1208 1470 1471 1298 1177 1896 1207 1904 1867 0 1889 1769 1650 1925 1897 1899 1171 1230 1141 1341 1374 1048 
1203 1701 1810 1885 1283 1367 1695 1116 1335 1860 1809 1533 1962 1528 1031 1156 1157 1967 1302 1889 0 1490 1742 1608 1510 1919 1864 1434 1028 1418 1060 1209 
1221 1743 1186 1852 1057 1534 2005 1734 2003 1942 1836 1241 1855 1125 1428 2034 1677 1117 1359 1769 1490 0 1802 1256 1279 1492 1604 1386 1408 1180 1871 1500 
1450 1730 2028 1255 1933 1136 1227 1678 1143 1358 1541 1607 1590 1455 1454 1199 1845 1917 1164 1650 1742 1802 0 1770 1194 1144 1585 1711 1393 1076 1445 1043 
1568 1553 1727 1638 1259 1603 1903 2016 1400 1387 1464 1995 1646 1293 1642 1498 1525 1762 1637 1925 1608 1256 1770 0 2020 1952 1959 1360 1422 1712 1172 1554 
1120 1726 1746 1588 1818 1839 1496 1944 1574 1778 1306 1988 1543 1841 1984 1465 1937 2033 1187 1897 1510 1279 1194 2020 0 2006 1824 1098 1233 1074 1113 1353 
1946 1493 1837 1898 1863 1260 1939 1806 1087 2000 1716 1668 1154 1198 1281 1421 1985 1923 1258 1899 1919 1492 1144 1952 2006 0 1321 1744 1689 1219 1662 1435 
1663 1749 1909 1655 1286 1352 1411 2024 1049 1740 1174 1038 1822 1267 1760 1078 1035 1928 1764 1171 1864 1604 1585 1959 1824 1321 0 1684 1268 1710 1297 1527 
1696 1337 1779 1797 1282 1093 1166 1767 1622 1200 1118 1148 1729 1027 1285 1195 1313 1547 1833 1230 1434 1386 1711 1360 1098 1744 1684 0 1066 1596 1894 1630 
1296 1733 1349 1249 1111 1121 1151 1566 1784 1970 1484 1132 1065 1644 1320 1278 1235 1866 1667 1141 1028 1408 1393 1422 1233 1689 1268 1066 0 1430 1478 1551 
1978 1579 1135 1178 1948 1771 1914 1685 1594 1257 1732 1506 1073 1159 1707 1735 1526 1870 1504 1341 1418 1180 1076 1712 1074 1219 1710 1596 1430 0 1890 1669 
1817 2019 1515 1410 1879 1326 1085 1509 1409 1641 1832 1719 1029 1618 1336 1745 1182 1272 1340 1374 1060 1871 1445 1172 1113 1662 1297 1894 1478 1890 0 1556 
1683 1448 1847 1661 1394 1191 1956 1583 1291 1990 1467 1624 1966 1581 1713 1781 1633 1307 1280 1048 1209 1500 1043 1554 1353 1435 1527 1630 1551 1669 1556 0 
