32
0 1271 1225 1793 1313 1692 1977 1195 1924 1457 1162 1848 1401 1932 1971 1779 1407 1983 1751 1991 1705 1953 1823 1685 2000 1753 2021 1157 1117 1529 1467 1257 
1271 0 1443 1657 2008 1748 1870 1251 1662 1032 1530 1605 1600 1590 1780 1281 1714 1125 1851 1670 2027 1636 1165 1303 1149 1031 1358 1500 1920 1973 1237 1369 
1225 1443 0 1770 1100 1504 1413 2020 1980 1824 2019 1327 1391 1526 1758 1069 1573 1283 1839 1960 1771 1175 1703 1968 1417 1147 1611 1360 1438 1557 1274 1734 
1793 1657 1770 0 1161 1239 1766 1382 1415 1503 1893 1997 1757 1148 1906 1505 1159 1459 1318 1797 1531 1653 1336 1722 1300 1448 1674 1597 1643 1901 1393 1806 
1313 2008 1100 1161 0 2023 2044 1689 1133 1351 2005 1619 1224 1248 1544 1614 1616 1536 1970 1447 1813 1575 1585 1212 1801 1364 1399 1789 1105 1572 1874 1889 
1692 1748 1504 1239 2023 0 1320 1471 1694 1123 1665 1730 1917 1879 1263 1767 1563 1555 1192 1576 1663 1938 1868 1833 1139 1363 1199 1998 1247 1717 1951 2015 
1977 1870 1413 1766 2044 1320 0 1702 1200 1370 1700 1592 1150 1070 1999 1894 1606 1769 1220 1723 1535 1111 1342 1899 1116 1950 1425 1286 1323 1137 1114 1262 
1195 1251 2020 1382 1689 1471 1702 0 1630 1680 1494 1620 1836 1719 1935 1326 1875 2011 1324 1869 1765 1178 1737 1778 1204 1691 1568 1098 1409 1065 1160 1400 
1924 1662 1980 1415 1133 1694 1200 1630 0 1499 1548 1027 1024 1266 1570 1470 1654 1581 1728 1524 1122 1381 1725 1718 1335 1629 1177 1203 1491 1071 1641 1698 
1457 1032 1824 1503 1351 1123 1370 1680 1499 0 1921 1892 1102 1928 1798 1060 1299 1496 2030 1613 1498 1990 2025 1156 1173 1946 1477 1185 1989 1306 2006 1435 
1162 1530 2019 1893 2005 1665 1700 1494 1548 1921 0 1763 1223 1916 1681 1739 2046 1993 2036 1603 1279 1422 1721 1462 1487 1687 1747 1141 1818 1437 1416 1820 
1848 1605 1327 1997 1619 1730 1592 1620 1027 1892 1763 0 1731 1727 1933 1208 1218 1887 1720 1967 1346 1242 1595 1073 1388 1130 1988 1995 1518 1076 1077 2017 
1401 1600 1391 1757 1224 1917 1150 1836 1024 1102 1223 1731 0 1969 1829 1922 1522 1340 1169 1832 1883 1040 1380 1489 1082 1176 1205 1445 1333 1891 1067 1440 
1932 1590 1526 1148 1248 1879 1070 1719 1266 1928 1916 1727 1969 0 1288 1898 1058 1513 1632 1644 1919 1136 1539 1994 1330 1301 1915 1048 1580 1478 1197 1051 
1971 1780 1758 1906 1544 1263 1999 1935 1570 1798 1681 1933 1829 1288 0 1962 1429 1618 1712 1049 1267 1587 1170 1927 1556 1628 1884 1635 1745 1240 1881 1461 
1779 1281 1069 1505 1614 1767 1894 1326 1470 1060 1739 1208 1922 1898 1962 0 1052 1066 1153 1424 1856 1028 1127 1908 1074 1646 1231 1520 1078 1374 1738 1565 
1407 1714 1573 1159 1616 1563 1606 1875 1654 1299 2046 1218 1522 1058 1429 1052 0 1783 1348 1831 1241 1423 1186 1126 1302 1316 1276 1638 1952 1944 1956 1645 
1983 1125 1283 1459 1536 1555 1769 2011 1581 1496 1993 1887 1340 1513 1618 1066 1783 0 1532 1982 2033 1501 1553 1976 2026 1088 1858 1259 1841 1483 1085 1589 
1751 1851 1839 1318 1970 1192 1220 1324 1728 2030 2036 1720 1169 1632 1712 1153 1348 1532 0 1664 1047 1987 1830 1659 1474 2041 1255 1564 1365 1936 1679 1752 
1991 1670 1960 1797 1447 1576 1723 1869 1524 1613 1603 1967 1832 1644 1049 1424 1831 1982 1664 0 1512 1135 1939 1902 1372 1166 1092 1432 1574 1658 1819 1543 
1705 2027 1771 1531 1813 1663 1535 1765 1122 1498 1279 1346 1883 1919 1267 1856 1241 2033 1047 1512 0 1814 1854 1974 1803 1310 1328 1341 2028 1878 1362 1772 
1953 1636 1175 1653 1575 1938 1111 1178 1381 1990 1422 1242 1040 1136 1587 1028 1423 1501 1987 1135 1814 0 1684 1188 2002 1599 1943 1588 1172 1191 1811 1959 
1823 1165 1703 1336 1585 1868 1342 1737 1725 2025 1721 1595 1380 1539 1170 1127 1186 1553 1830 1939 1854 1684 0 1671 1458 1847 1275 1809 1063 1864 1880 1338 
1685 1303 1968 1722 1212 1833 1899 1778 1718 1156 1462 1073 1489 1994 1927 1908 1126 1976 1659 1902 1974 1188 1671 0 1451 1926 2018 1914 1294 1707 1387 1238 
2000 1149 1417 1300 1801 1139 1116 1204 1335 1173 1487 1388 1082 1330 1556 1074 1302 2026 1474 1372 1803 2002 1458 1451 0 1421 1404 1961 1367 1395 1198 1222 
1753 1031 1147 1448 1364 1363 1950 1691 1629 1946 1687 1130 1176 1301 1628 1646 1316 1088 2041 1166 1310 1599 1847 1926 1421 0 1217 1446 1120 1888 1452 1291 
2021 1358 1611 1674 1399 1199 1425 1568 1177 1477 1747 1988 1205 1915 1884 1231 1276 1858 1255 1092 1328 1943 1275 2018 1404 1217 0 1256 1334 1647 1343 1062 
1157 1500 1360 1597 1789 1998 1286 1098 1203 1185 1141 1995 1445 1048 1635 1520 1638 1259 1564 1432 1341 1588 1809 1914 1961 1446 1256 0 1352 1742 1099 1273 
1117 1920 1438 1643 1105 1247 1323 1409 1491 1989 1818 1518 1333 1580 1745 1078 1952 1841 1365 1574 2028 1172 1063 1294 1367 1120 1334 1352 0 1426 1087 2009 
1529 1973 1557 1901 1572 1717 1137 1065 1071 1306 1437 1076 1891 1478 1240 1374 1944 1483 1936 1658 1878 1191 1864 1707 1395 1888 1647 1742 1426 0 1207 1043 
1467 1237 1274 1393 1874 1951 1114 1160 1641 2006 1416 1077 1067 1197 1881 1738 1956 1085 1679 1819 1362 1811 1880 1387 1198 1452 1343 1099 1087 1207 0 1547 
1257 1369 1734 1806 1889 2015 1262 1400 1698 1435 1820 2017 1440 1051 1461 1565 1645 1589 1752 1543 1772 1959 1338 1238 1222 1291 1062 1273 2009 1043 1547 0 
