24
0 987 922 865 1049 1134 940 1045 586 616 783 578 1148 794 935 647 895 844 672 1031 670 914 825 1022 
987 0 788 590 1084 852 896 1020 840 605 1095 654 1016 975 1058 1057 1005 744 655 915 585 956 732 754 
922 788 0 762 614 743 960 775 1027 1000 964 674 1114 979 1142 947 1053 1014 615 1137 819 622 705 1075 
865 590 762 0 621 624 816 986 837 906 1087 651 1131 832 1039 923 716 708 592 884 841 698 893 869 
1049 1084 614 621 0 1100 830 694 733 1123 936 1011 876 944 780 976 829 972 1151 933 859 959 1077 1030 
1134 852 743 624 1100 0 1125 702 913 630 1117 712 1111 1002 1152 584 589 836 726 721 693 912 1098 715 
940 896 960 816 830 1125 0 723 879 937 1028 713 1096 771 1041 737 749 1038 894 620 652 787 724 645 
1045 1020 775 986 694 702 723 0 588 636 778 1086 639 1119 635 848 888 813 796 714 997 1120 1126 1110 
586 840 1027 837 733 913 879 588 0 824 878 758 980 1010 1144 691 929 930 683 776 735 1104 765 978 
616 605 1000 906 1123 630 937 636 824 0 862 984 1059 1080 697 596 1139 768 734 1113 815 653 954 1094 
783 1095 964 1087 936 1117 1028 778 878 862 0 826 696 1072 795 938 977 692 820 759 1006 892 807 717 
578 654 674 651 1011 712 713 1086 758 984 826 0 700 921 932 682 711 782 727 887 1037 665 1062 680 
1148 1016 1114 1131 876 1111 1096 639 980 1059 696 700 0 926 1033 627 1115 602 814 1132 1025 870 924 634 
794 975 979 832 944 1002 771 1119 1010 1080 1072 921 926 0 1146 722 728 823 810 606 899 969 828 967 
935 1058 1142 1039 780 1152 1041 635 1144 697 795 932 1033 1146 0 661 619 1035 822 1070 1004 1044 613 868 
647 1057 947 923 976 584 737 848 691 596 938 682 627 722 661 0 718 1003 725 856 704 804 968 1036 
895 1005 1053 716 829 589 749 888 929 1139 977 711 1115 728 619 718 0 955 751 626 910 803 1068 1081 
844 744 1014 708 972 836 1038 813 930 768 692 782 602 823 1035 1003 955 0 760 1076 701 1067 769 577 
672 655 615 592 1151 726 894 796 683 734 820 727 814 810 822 725 751 760 0 1061 965 1150 740 587 
1031 915 1137 884 933 721 620 714 776 1113 759 887 1132 606 1070 856 626 1076 1061 0 1018 973 731 950 
670 585 819 841 859 693 652 997 735 815 1006 1037 1025 899 1004 704 910 701 965 1018 0 942 767 685 
914 956 622 698 959 912 787 1120 1104 653 892 665 870 969 1044 804 803 1067 1150 973 942 0 729 610 
825 732 705 893 1077 1098 724 1126 765 954 807 1062 924 828 613 968 1068 769 740 731 767 729 0 864 
1022 754 1075 869 1030 715 645 1110 978 1094 717 680 634 967 868 1036 1081 577 587 950 685 610 864 0 
