24
0 899 1068 723 749 1087 886 1074 835 920 988 937 954 744 1041 596 896 806 933 1127 690 993 629 627 
899 0 974 809 689 1096 1075 649 734 787 581 654 779 601 846 1130 982 966 904 1015 640 991 923 1072 
1068 974 0 931 748 1069 971 944 875 781 1134 1027 1012 666 619 1004 1019 1006 1139 600 610 997 725 877 
723 809 931 0 726 1030 983 1064 1055 890 687 1089 682 999 921 963 724 743 1088 852 757 790 577 766 
749 689 748 726 0 771 798 869 696 588 1106 752 1049 622 786 1057 648 630 945 607 845 1084 612 1033 
1087 1096 1069 1030 771 0 768 1058 823 957 918 691 594 1103 821 863 1032 683 1151 811 907 1046 901 733 
886 1075 971 983 798 768 0 860 628 1056 996 755 1054 803 973 895 947 1083 902 631 862 717 713 662 
1074 649 944 1064 869 1058 860 0 810 597 1128 1111 891 1025 851 929 987 606 1053 1137 828 671 934 1067 
835 734 875 1055 696 823 628 810 0 956 801 703 730 1124 1022 664 938 759 1093 1042 1081 953 698 1131 
920 787 781 890 588 957 1056 597 956 0 776 1077 939 694 718 965 777 735 699 885 1113 1013 1090 1108 
988 581 1134 687 1106 918 996 1128 801 776 0 1133 814 922 770 681 866 762 704 1045 625 909 758 1014 
937 654 1027 1089 752 691 755 1111 703 1077 1133 0 791 815 783 1003 812 951 1144 1123 943 1048 604 883 
954 779 1012 682 1049 594 1054 891 730 939 814 791 0 878 1148 880 1121 884 763 1080 818 853 1118 962 
744 601 666 999 622 1103 803 1025 1124 694 922 815 878 0 793 618 663 773 819 1017 715 873 872 912 
1041 846 619 921 786 821 973 851 1022 718 770 783 1148 793 0 678 1101 719 645 1079 861 1117 747 979 
596 1130 1004 963 1057 863 895 929 664 965 681 1003 880 618 678 0 879 919 1011 837 632 1141 1142 989 
896 982 1019 724 648 1032 947 987 938 777 866 812 1121 663 1101 879 0 820 1135 686 598 617 799 702 
806 966 1006 743 630 683 1083 606 759 735 762 951 884 773 719 919 820 0 732 844 626 1109 589 750 
933 904 1139 1088 945 1151 902 1053 1093 699 704 1144 763 819 645 1011 1135 732 0 994 775 865 785 816 
1127 1015 600 852 607 811 631 1137 1042 885 1045 1123 1080 1017 1079 837 686 844 994 0 940 986 695 1073 
690 640 610 757 845 907 862 828 1081 1113 625 943 818 715 861 632 598 626 775 940 0 780 942 827 
993 991 997 790 1084 1046 717 671 953 1013 909 1048 853 873 1117 1141 617 1109 865 986 780 0 1100 693 
629 923 725 577 612 901 713 934 698 1090 758 604 1118 872 747 1142 799 589 785 695 942 1100 0 1094 
627 1072 877 766 1033 733 662 1067 1131 1108 1014 883 962 912 979 989 702 750 816 1073 827 693 1094 0 
